-----------------------------------------------
*|   BBO                |                ESC  |
 |---------------------------------------------
1|   25.0647 (-0.037279)| 25.767 (-0.0737800) |
 |---------------------------------------------
2|   23.9987 (-0.035153)| 26.026 (-0.0705060) |
 |---------------------------------------------
3|   25.7991 (-0.039808)| 26.3094 (-0.068359) |
 |---------------------------------------------
4|   26.0622 (-0.041265)| 26.8953 (-0.065377) |
 |---------------------------------------------
5|   24.2918 (-0.043244)| 28.0390 (-0.060862) |
-----------------------------------------------



